1 upswing indifferent:

{52: [1.0], 51: [129.12994, 106.71896, 88.19749, 72.89048, 60.24007, 49.78518, 41.14478, 34.00395, 28.10244, 23.22515, 19.19434, 15.86309, 13.10999, 10.83471, 8.9543, 7.40025, 6.11591, 5.05447, 4.17725, 3.45227, 2.85312, 2.35795, 1.94872, 1.61051, 1.331, 1.1], 50: [117.39085, 97.01723, 80.17953, 66.26408, 54.7637, 45.25926, 37.40434, 30.91268, 25.54767, 21.11378, 17.4494, 14.42099, 11.91818, 9.84973, 8.14027, 6.7275, 5.55992, 4.59497, 3.7975, 3.13843, 2.59374, 2.14359, 1.77156, 1.4641, 1.21], 49: [106.71896, 88.19749, 72.89048, 60.24007, 49.78518, 41.14478, 34.00395, 28.10244, 23.22515, 19.19434, 15.86309, 13.10999, 10.83471, 8.9543, 7.40025, 6.11591, 
5.05447, 4.17725, 3.45227, 2.85312, 2.35795, 1.94872, 1.61051, 1.331], 48: [97.01723, 80.17953, 66.26408, 54.7637, 45.25926, 37.40434, 30.91268, 25.54767, 21.11378, 
17.4494, 14.42099, 11.91818, 9.84973, 8.14027, 6.7275, 5.55992, 4.59497, 3.7975, 3.13843, 2.59374, 2.14359, 1.77156, 1.4641], 47: [88.19749, 72.89048, 60.24007, 49.78518, 41.14478, 34.00395, 28.10244, 23.22515, 19.19434, 15.86309, 13.10999, 10.83471, 8.9543, 7.40025, 6.11591, 5.05447, 4.17725, 3.45227, 2.85312, 2.35795, 1.94872, 1.61051], 46: [80.17953, 66.26408, 54.7637, 45.25926, 37.40434, 30.91268, 25.54767, 21.11378, 17.4494, 14.42099, 11.91818, 9.84973, 8.14027, 6.7275, 5.55992, 4.59497, 3.7975, 3.13843, 2.59374, 2.14359, 1.77156], 45: [72.89048, 60.24007, 49.78518, 41.14478, 34.00395, 28.10244, 23.22515, 19.19434, 15.86309, 13.10999, 10.83471, 8.9543, 7.40025, 6.11591, 5.05447, 4.17725, 3.45227, 2.85312, 2.35795, 1.94872], 44: [66.26408, 54.7637, 45.25926, 37.40434, 30.91268, 25.54767, 21.11378, 17.4494, 14.42099, 11.91818, 9.84973, 8.14027, 6.7275, 5.55992, 4.59497, 3.7975, 3.13843, 2.59374, 2.14359], 43: [60.24007, 49.78518, 41.14478, 34.00395, 28.10244, 23.22515, 19.19434, 15.86309, 13.10999, 10.83471, 8.9543, 7.40025, 6.11591, 5.05447, 4.17725, 3.45227, 2.85312, 2.35795], 42: [54.7637, 45.25926, 37.40434, 30.91268, 25.54767, 21.11378, 17.4494, 14.42099, 11.91818, 9.84973, 8.14027, 6.7275, 5.55992, 4.59497, 3.7975, 3.13843, 2.59374], 41: [49.78518, 41.14478, 34.00395, 28.10244, 23.22515, 19.19434, 15.86309, 13.10999, 10.83471, 8.9543, 7.40025, 6.11591, 5.05447, 4.17725, 3.45227, 2.85312], 40: [45.25926, 37.40434, 30.91268, 25.54767, 21.11378, 17.4494, 
14.42099, 11.91818, 9.84973, 8.14027, 6.7275, 5.55992, 4.59497, 3.7975, 3.13843], 39: [41.14478, 34.00395, 28.10244, 23.22515, 19.19434, 15.86309, 13.10999, 10.83471, 8.9543, 7.40025, 6.11591, 5.05447, 4.17725, 3.45227], 38: [37.40434, 30.91268, 25.54767, 21.11378, 17.4494, 14.42099, 11.91818, 9.84973, 8.14027, 6.7275, 5.55992, 
4.59497, 3.7975], 37: [34.00395, 28.10244, 23.22515, 19.19434, 15.86309, 13.10999, 10.83471, 8.9543, 7.40025, 6.11591, 5.05447, 4.17725], 36: [30.91268, 25.54767, 21.11378, 17.4494, 14.42099, 11.91818, 9.84973, 8.14027, 6.7275, 5.55992, 4.59497, 3.7975], 35: [28.10244, 23.22515, 19.19434, 15.86309, 13.10999, 10.83471, 8.9543, 7.40025, 6.11591, 5.05447, 4.17725], 34: [25.54767, 21.11378, 17.4494, 14.42099, 11.91818, 9.84973, 8.14027, 6.7275, 5.55992, 4.59497], 33: [23.22515, 19.19434, 15.86309, 13.10999, 10.83471, 8.9543, 7.40025, 6.11591, 5.05447], 32: [21.11378, 17.4494, 14.42099, 11.91818, 9.84973, 8.14027, 6.7275, 5.55992], 31: [19.19434, 15.86309, 
13.10999, 10.83471, 8.9543, 7.40025, 6.11591, 5.05447], 30: [17.4494, 14.42099, 11.91818, 9.84973, 8.14027, 6.7275, 5.55992], 29: [15.86309, 13.10999, 10.83471, 8.9543, 7.40025, 6.11591], 28: [14.42099, 11.91818, 9.84973, 8.14027, 6.7275], 27: [13.10999, 10.83471, 8.9543, 7.40025, 6.11591], 26: [11.91818, 9.84973, 6.7275], 25: [10.83471, 8.9543, 7.40025], 24: [9.84973], 23: [8.9543, 7.40025]}

2 upswing indifferent:
{52: [1.0], 50: [117.39085, 97.01723, 80.17953, 66.26408, 54.7637, 45.25926, 37.40434, 30.91268, 25.54767, 21.11378, 17.4494, 14.42099, 11.91818, 9.84973, 8.14027, 6.7275, 5.55992, 4.59497, 3.7975, 3.13843, 2.59374, 2.14359, 1.77156, 1.4641, 1.21], 49: [106.71896, 88.19749, 72.89048, 60.24007, 49.78518, 41.14478, 34.00395, 28.10244, 23.22515, 19.19434, 15.86309, 13.10999, 10.83471, 8.9543, 7.40025, 6.11591, 5.05447, 4.17725, 3.45227, 2.85312, 2.35795, 1.94872, 1.61051, 1.331], 48: [97.01723, 80.17953, 66.26408, 54.7637, 45.25926, 37.40434, 30.91268, 25.54767, 21.11378, 17.4494, 14.42099, 11.91818, 9.84973, 8.14027, 6.7275, 5.55992, 4.59497, 3.7975, 3.13843, 2.59374, 2.14359, 1.77156, 1.4641], 47: [88.19749, 72.89048, 60.24007, 49.78518, 41.14478, 34.00395, 28.10244, 23.22515, 19.19434, 15.86309, 13.10999, 10.83471, 8.9543, 7.40025, 6.11591, 5.05447, 4.17725, 3.45227, 2.85312, 2.35795, 1.94872, 1.61051], 46: [80.17953, 66.26408, 54.7637, 45.25926, 37.40434, 30.91268, 25.54767, 21.11378, 17.4494, 14.42099, 11.91818, 9.84973, 8.14027, 6.7275, 5.55992, 4.59497, 3.7975, 3.13843, 2.59374, 2.14359, 1.77156], 45: [72.89048, 60.24007, 49.78518, 41.14478, 34.00395, 28.10244, 23.22515, 19.19434, 15.86309, 13.10999, 10.83471, 8.9543, 7.40025, 6.11591, 5.05447, 4.17725, 3.45227, 2.85312, 2.35795, 1.94872], 44: [66.26408, 54.7637, 45.25926, 37.40434, 30.91268, 25.54767, 21.11378, 17.4494, 14.42099, 11.91818, 9.84973, 8.14027, 6.7275, 5.55992, 4.59497, 3.7975, 3.13843, 2.59374, 2.14359], 43: [60.24007, 49.78518, 41.14478, 34.00395, 28.10244, 23.22515, 19.19434, 15.86309, 13.10999, 10.83471, 8.9543, 7.40025, 6.11591, 5.05447, 4.17725, 3.45227, 2.85312, 2.35795], 42: [54.7637, 45.25926, 37.40434, 30.91268, 25.54767, 21.11378, 17.4494, 14.42099, 11.91818, 9.84973, 8.14027, 6.7275, 5.55992, 4.59497, 3.7975, 3.13843, 2.59374], 41: [49.78518, 41.14478, 34.00395, 28.10244, 23.22515, 19.19434, 15.86309, 13.10999, 10.83471, 8.9543, 7.40025, 6.11591, 5.05447, 4.17725, 3.45227, 2.85312], 40: [45.25926, 37.40434, 30.91268, 25.54767, 21.11378, 17.4494, 14.42099, 11.91818, 9.84973, 8.14027, 6.7275, 5.55992, 4.59497, 3.7975, 3.13843], 39: [41.14478, 34.00395, 28.10244, 23.22515, 19.19434, 15.86309, 13.10999, 10.83471, 8.9543, 7.40025, 6.11591, 5.05447, 4.17725, 3.45227], 38: [37.40434, 30.91268, 25.54767, 21.11378, 17.4494, 14.42099, 11.91818, 9.84973, 8.14027, 6.7275, 5.55992, 4.59497, 3.7975], 37: [34.00395, 28.10244, 23.22515, 19.19434, 15.86309, 13.10999, 10.83471, 8.9543, 7.40025, 6.11591, 5.05447, 4.17725], 36: [30.91268, 25.54767, 21.11378, 17.4494, 14.42099, 11.91818, 9.84973, 8.14027, 6.7275, 5.55992, 4.59497], 35: [28.10244, 23.22515, 19.19434, 15.86309, 13.10999, 10.83471, 8.9543, 7.40025, 6.11591, 5.05447, 4.17725], 34: [25.54767, 21.11378, 17.4494, 14.42099, 11.91818, 9.84973, 8.14027, 6.7275, 5.55992, 4.59497], 33: [23.22515, 19.19434, 15.86309, 13.10999, 10.83471, 8.9543, 7.40025, 6.11591, 5.05447], 32: [21.11378, 17.4494, 14.42099, 11.91818, 9.84973, 8.14027, 6.7275, 5.55992], 31: [19.19434, 15.86309, 13.10999, 10.83471, 8.9543, 7.40025, 6.11591, 5.05447], 30: [17.4494, 14.42099, 11.91818, 9.84973, 8.14027, 6.7275, 5.55992], 29: [15.86309, 13.10999, 10.83471, 8.9543, 7.40025, 6.11591], 28: [14.42099, 11.91818, 9.84973, 8.14027, 6.7275], 27: [13.10999, 10.83471, 8.9543, 7.40025], 26: [11.91818, 9.84973, 8.14027], 25: [10.83471, 7.40025], 24: [9.84973, 8.14027, 6.7275], 23: [8.9543], 22: [8.14027]}

3 upswing indifferent:
{52: [1.0], 50: [1.0], 49: [106.71896, 88.19749, 72.89048, 60.24007, 49.78518, 41.14478, 34.00395, 28.10244, 23.22515, 19.19434, 15.86309, 13.10999, 10.83471, 8.9543, 7.40025, 6.11591, 5.05447, 4.17725, 3.45227, 2.85312, 2.35795, 1.94872, 1.61051, 1.331, 1.1], 48: [97.01723, 80.17953, 66.26408, 54.7637, 45.25926, 37.40434, 30.91268, 25.54767, 21.11378, 17.4494, 14.42099, 11.91818, 9.84973, 8.14027, 6.7275, 5.55992, 4.59497, 3.7975, 3.13843, 2.59374, 2.14359, 1.77156, 1.4641, 1.21], 47: [88.19749, 72.89048, 60.24007, 49.78518, 41.14478, 34.00395, 28.10244, 23.22515, 19.19434, 15.86309, 13.10999, 10.83471, 8.9543, 7.40025, 6.11591, 5.05447, 4.17725, 3.45227, 2.85312, 2.35795, 1.94872, 1.61051, 1.331], 46: [80.17953, 66.26408, 54.7637, 45.25926, 37.40434, 30.91268, 25.54767, 21.11378, 17.4494, 14.42099, 11.91818, 9.84973, 8.14027, 6.7275, 5.55992, 4.59497, 3.7975, 3.13843, 2.59374, 2.14359, 1.77156, 1.4641], 45: [72.89048, 60.24007, 49.78518, 41.14478, 34.00395, 28.10244, 23.22515, 19.19434, 15.86309, 13.10999, 10.83471, 8.9543, 7.40025, 6.11591, 5.05447, 4.17725, 3.45227, 2.85312, 2.35795, 1.94872, 1.61051], 44: [66.26408, 54.7637, 45.25926, 37.40434, 30.91268, 25.54767, 21.11378, 17.4494, 14.42099, 11.91818, 9.84973, 8.14027, 6.7275, 5.55992, 4.59497, 3.7975, 3.13843, 2.59374, 2.14359, 1.77156], 43: 
[60.24007, 49.78518, 41.14478, 34.00395, 28.10244, 23.22515, 19.19434, 15.86309, 13.10999, 10.83471, 8.9543, 7.40025, 6.11591, 5.05447, 4.17725, 3.45227, 2.85312, 2.35795, 1.94872], 42: [54.7637, 45.25926, 37.40434, 30.91268, 25.54767, 21.11378, 17.4494, 14.42099, 11.91818, 9.84973, 8.14027, 6.7275, 5.55992, 4.59497, 3.7975, 3.13843, 2.59374, 2.14359], 41: [49.78518, 41.14478, 34.00395, 28.10244, 23.22515, 19.19434, 15.86309, 13.10999, 10.83471, 8.9543, 7.40025, 6.11591, 5.05447, 4.17725, 3.45227, 2.85312, 2.35795], 40: [45.25926, 37.40434, 30.91268, 25.54767, 21.11378, 17.4494, 14.42099, 11.91818, 9.84973, 8.14027, 6.7275, 5.55992, 4.59497, 3.7975, 3.13843, 2.59374], 39: [41.14478, 34.00395, 28.10244, 23.22515, 19.19434, 15.86309, 13.10999, 10.83471, 8.9543, 7.40025, 6.11591, 5.05447, 4.17725, 3.45227, 2.85312], 
38: [37.40434, 30.91268, 25.54767, 21.11378, 17.4494, 14.42099, 11.91818, 9.84973, 8.14027, 6.7275, 5.55992, 4.59497, 3.7975, 3.13843], 37: [34.00395, 28.10244, 23.22515, 19.19434, 15.86309, 13.10999, 10.83471, 8.9543, 7.40025, 6.11591, 5.05447, 4.17725, 3.45227], 36: [30.91268, 25.54767, 21.11378, 17.4494, 14.42099, 11.91818, 9.84973, 8.14027, 6.7275, 5.55992, 4.59497, 3.7975], 35: [28.10244, 23.22515, 19.19434, 15.86309, 13.10999, 10.83471, 8.9543, 7.40025, 6.11591, 5.05447, 4.17725], 34: [25.54767, 21.11378, 17.4494, 14.42099, 11.91818, 9.84973, 8.14027, 6.7275, 5.55992, 4.59497], 33: [23.22515, 19.19434, 15.86309, 13.10999, 10.83471, 8.9543, 7.40025, 6.11591, 5.05447, 4.17725], 32: [21.11378, 17.4494, 14.42099, 11.91818, 9.84973, 8.14027, 6.7275, 5.55992, 4.59497], 31: [19.19434, 15.86309, 13.10999, 10.83471, 
8.9543, 7.40025, 6.11591, 5.05447], 30: [17.4494, 14.42099, 11.91818, 9.84973, 8.14027, 6.7275, 5.55992], 29: [15.86309, 13.10999, 10.83471, 8.9543, 7.40025, 6.11591], 28: [14.42099, 11.91818, 9.84973, 8.14027, 6.7275, 5.55992], 27: [13.10999, 10.83471, 8.9543, 7.40025, 6.11591], 26: [11.91818, 9.84973, 8.14027, 6.7275, 5.55992], 25: [10.83471, 8.9543, 7.40025], 24: [9.84973, 8.14027], 23: [8.9543, 7.40025], 22: [8.14027], 21: [7.40025]}

4 upswing indifferent:
{52: [1.0], 50: [1.0], 48: [97.01723, 80.17953, 66.26408, 54.7637, 45.25926, 37.40434, 30.91268, 25.54767, 21.11378, 17.4494, 14.42099, 11.91818, 9.84973, 8.14027, 6.7275, 5.55992, 4.59497, 3.7975, 3.13843, 2.59374, 2.14359, 1.77156, 1.4641, 1.21], 47: [88.19749, 72.89048, 60.24007, 49.78518, 41.14478, 34.00395, 28.10244, 23.22515, 19.19434, 15.86309, 13.10999, 10.83471, 8.9543, 7.40025, 6.11591, 5.05447, 4.17725, 3.45227, 2.85312, 2.35795, 1.94872, 1.61051, 1.331], 46: [80.17953, 66.26408, 54.7637, 45.25926, 37.40434, 30.91268, 25.54767, 21.11378, 17.4494, 14.42099, 11.91818, 9.84973, 8.14027, 6.7275, 5.55992, 4.59497, 3.7975, 3.13843, 2.59374, 2.14359, 1.77156, 1.4641], 45: [72.89048, 60.24007, 49.78518, 41.14478, 34.00395, 28.10244, 23.22515, 19.19434, 15.86309, 13.10999, 10.83471, 8.9543, 7.40025, 6.11591, 5.05447, 4.17725, 3.45227, 2.85312, 2.35795, 1.94872, 1.61051], 44: [66.26408, 54.7637, 45.25926, 37.40434, 30.91268, 25.54767, 21.11378, 17.4494, 14.42099, 11.91818, 9.84973, 8.14027, 6.7275, 5.55992, 4.59497, 3.7975, 3.13843, 2.59374, 2.14359, 1.77156], 43: [60.24007, 49.78518, 41.14478, 34.00395, 28.10244, 23.22515, 19.19434, 15.86309, 13.10999, 10.83471, 8.9543, 7.40025, 6.11591, 5.05447, 4.17725, 3.45227, 2.85312, 2.35795, 1.94872], 42: [54.7637, 45.25926, 37.40434, 30.91268, 25.54767, 21.11378, 17.4494, 14.42099, 11.91818, 9.84973, 8.14027, 6.7275, 5.55992, 4.59497, 3.7975, 3.13843, 2.59374, 2.14359], 41: [49.78518, 41.14478, 34.00395, 28.10244, 23.22515, 19.19434, 15.86309, 13.10999, 10.83471, 8.9543, 7.40025, 6.11591, 5.05447, 4.17725, 3.45227, 2.85312, 2.35795], 40: [45.25926, 37.40434, 30.91268, 25.54767, 21.11378, 17.4494, 14.42099, 11.91818, 9.84973, 8.14027, 6.7275, 5.55992, 4.59497, 3.7975, 3.13843, 2.59374], 39: [41.14478, 34.00395, 28.10244, 23.22515, 19.19434, 15.86309, 13.10999, 10.83471, 8.9543, 7.40025, 6.11591, 5.05447, 4.17725, 3.45227, 2.85312], 38: [37.40434, 30.91268, 25.54767, 21.11378, 17.4494, 14.42099, 11.91818, 9.84973, 8.14027, 6.7275, 5.55992, 4.59497, 3.7975, 3.13843], 37: [34.00395, 28.10244, 23.22515, 19.19434, 15.86309, 13.10999, 10.83471, 8.9543, 7.40025, 6.11591, 5.05447, 4.17725, 3.45227], 36: [30.91268, 25.54767, 21.11378, 17.4494, 14.42099, 11.91818, 9.84973, 8.14027, 6.7275, 5.55992, 4.59497, 3.7975], 35: [28.10244, 23.22515, 19.19434, 15.86309, 13.10999, 10.83471, 8.9543, 7.40025, 6.11591, 5.05447, 4.17725], 34: [25.54767, 21.11378, 17.4494, 14.42099, 11.91818, 9.84973, 8.14027, 6.7275, 5.55992, 4.59497], 33: [23.22515, 19.19434, 15.86309, 13.10999, 10.83471, 8.9543, 7.40025, 6.11591, 5.05447, 4.17725], 32: [21.11378, 17.4494, 14.42099, 11.91818, 9.84973, 8.14027, 6.7275, 5.55992, 4.59497], 31: [19.19434, 15.86309, 13.10999, 10.83471, 8.9543, 7.40025, 6.11591, 5.05447], 30: [17.4494, 14.42099, 11.91818, 9.84973, 8.14027, 6.7275], 29: [15.86309, 13.10999, 10.83471, 8.9543, 7.40025, 6.11591, 5.05447], 28: [14.42099, 11.91818, 9.84973, 8.14027, 6.7275, 5.55992], 27: [13.10999, 10.83471, 8.9543, 7.40025, 6.11591], 26: [11.91818, 9.84973, 8.14027, 6.7275], 25: [10.83471, 8.9543, 7.40025, 6.11591], 24: [9.84973, 8.14027, 6.7275], 23: [8.9543, 7.40025], 22: [8.14027]}

1 downswing indifferent:
{52: [1.0], 51: [0.90909, 0.75131, 0.62092, 0.51316, 0.4241, 0.35049, 0.28966, 0.23939, 0.19784, 0.16351, 0.13513, 0.11168, 0.0923, 0.07628, 0.06304, 0.0521, 0.04306, 0.03558, 0.02941, 0.0243, 0.02009, 0.0166, 0.01372, 0.01134, 0.00937, 0.00774], 50: [0.82645, 0.68301, 0.56447, 0.46651, 0.38554, 0.31863, 0.26333, 0.21763, 0.17986, 0.14864, 0.12285, 0.10153, 0.08391, 0.06934, 0.05731, 0.04736, 0.03914, 0.03235, 0.02673, 0.02209, 0.01826, 0.01509, 0.01247, 0.01031, 0.00852], 49: [0.75131, 0.62092, 0.51316, 0.4241, 0.35049, 0.28966, 0.23939, 0.19784, 0.16351, 0.13513, 0.11168, 0.0923, 0.07628, 0.06304, 0.0521, 0.04306, 0.03558, 0.02941, 0.0243, 0.02009, 0.0166, 0.01372, 0.01134, 0.00937], 48: [0.68301, 0.56447, 0.46651, 0.38554, 0.31863, 0.26333, 0.21763, 0.17986, 0.14864, 0.12285, 0.10153, 0.08391, 0.06934, 0.05731, 0.04736, 0.03914, 0.03235, 0.02673, 0.02209, 0.01826, 0.01509, 0.01247, 0.01031], 47: [0.62092, 0.51316, 0.4241, 0.35049, 0.28966, 0.23939, 0.19784, 0.16351, 0.13513, 0.11168, 0.0923, 0.07628, 0.06304, 0.0521, 0.04306, 0.03558, 0.02941, 0.0243, 0.02009, 0.0166, 0.01372, 0.01134], 46: [0.56447, 0.46651, 0.38554, 0.31863, 0.26333, 0.21763, 0.17986, 0.14864, 0.12285, 0.10153, 0.08391, 0.06934, 0.05731, 0.04736, 0.03914, 0.03235, 0.02673, 0.02209, 0.01826, 0.01509, 0.01247], 45: [0.51316, 0.4241, 0.35049, 0.28966, 0.23939, 0.19784, 0.16351, 0.13513, 0.11168, 0.0923, 0.07628, 0.06304, 0.0521, 0.04306, 0.03558, 0.02941, 0.0243, 0.02009, 0.0166, 0.01372], 44: [0.46651, 0.38554, 0.31863, 0.26333, 0.21763, 0.17986, 0.14864, 0.12285, 0.10153, 0.08391, 0.06934, 0.05731, 0.04736, 0.03914, 0.03235, 0.02673, 0.02209, 0.01826, 
0.01509], 43: [0.4241, 0.35049, 0.28966, 0.23939, 0.19784, 0.16351, 0.13513, 0.11168, 0.0923, 0.07628, 0.06304, 0.0521, 0.04306, 0.03558, 0.02941, 0.0243, 0.02009, 0.0166], 42: [0.38554, 0.31863, 0.26333, 0.21763, 0.17986, 0.14864, 0.12285, 0.10153, 0.08391, 0.06934, 0.05731, 0.04736, 0.03914, 0.03235, 0.02673, 0.02209, 0.01826], 41: [0.35049, 0.28966, 0.23939, 0.19784, 0.16351, 0.13513, 0.11168, 0.0923, 0.07628, 0.06304, 0.0521, 0.04306, 0.03558, 0.02941, 0.0243, 0.02009], 40: [0.31863, 0.26333, 0.21763, 0.17986, 0.14864, 0.12285, 0.10153, 0.08391, 0.06934, 0.05731, 0.04736, 0.03914, 0.03235, 0.02673, 0.02209], 39: [0.28966, 0.23939, 0.19784, 0.16351, 0.13513, 0.11168, 0.0923, 0.07628, 0.06304, 0.0521, 0.04306, 0.03558, 0.02941, 0.0243], 38: [0.26333, 0.21763, 0.17986, 0.14864, 0.12285, 0.10153, 0.08391, 0.06934, 0.05731, 0.04736, 0.03914, 0.03235, 0.02673], 37: [0.28966, 0.23939, 0.19784, 0.16351, 0.13513, 0.11168, 0.0923, 0.07628, 0.06304, 0.0521, 0.04306, 0.03558, 0.02941], 36: [0.26333, 0.21763, 0.17986, 0.14864, 0.12285, 0.10153, 0.08391, 0.06934, 0.05731, 0.04736, 0.03914, 0.03235], 35: [0.23939, 0.19784, 0.16351, 0.13513, 0.11168, 0.0923, 0.07628, 0.06304, 0.0521, 0.04306, 0.03558], 34: [0.21763, 0.17986, 0.14864, 0.12285, 0.10153, 0.08391, 0.06934, 0.05731, 0.04736, 0.03914], 33: [0.23939, 
0.19784, 0.16351, 0.13513, 0.11168, 0.0923, 0.07628, 0.06304, 0.0521, 0.04306], 32: [0.21763, 0.17986, 0.14864, 0.12285, 0.10153, 0.08391, 0.06934, 0.05731, 0.04736], 31: [0.19784, 0.16351, 0.13513, 0.11168, 0.0923, 0.07628, 0.06304, 0.0521], 30: [0.17986, 0.14864, 0.12285, 0.10153, 0.08391, 0.06934, 0.05731], 29: [0.19784, 0.16351, 0.13513, 0.11168, 0.0923, 0.07628, 0.06304], 28: [0.17986, 0.14864, 0.12285, 0.10153, 0.08391, 0.06934], 27: [0.19784, 0.16351, 0.13513, 0.11168, 0.0923, 0.07628], 26: [0.14864, 0.12285, 0.10153, 0.08391], 25: [0.16351, 0.13513, 0.11168, 0.0923], 24: [0.14864, 0.12285, 0.10153], 23: [0.13513, 0.11168], 22: [0.14864, 0.12285], 21: [0.13513], 20: [0.14864]}

2 downswing indifferent:
{52: [1.0], 50: [0.82645, 0.68301, 0.56447, 0.46651, 0.38554, 0.31863, 0.26333, 0.21763, 0.17986, 0.14864, 0.12285, 0.10153, 0.08391, 0.06934, 0.05731, 0.04736, 0.03914, 0.03235, 0.02673, 0.02209, 0.01826, 0.01509, 0.01247, 0.01031, 0.00852], 49: [0.75131, 0.62092, 0.51316, 0.4241, 0.35049, 0.28966, 0.23939, 0.19784, 0.16351, 0.13513, 0.11168, 0.0923, 0.07628, 0.06304, 0.0521, 0.04306, 0.03558, 0.02941, 0.0243, 0.02009, 0.0166, 0.01372, 0.01134, 0.00937], 48: [0.68301, 0.56447, 0.46651, 0.38554, 0.31863, 0.26333, 0.21763, 0.17986, 0.14864, 0.12285, 0.10153, 0.08391, 0.06934, 0.05731, 0.04736, 0.03914, 0.03235, 0.02673, 0.02209, 0.01826, 0.01509, 0.01247, 0.01031], 47: [0.62092, 0.51316, 0.4241, 0.35049, 0.28966, 0.23939, 0.19784, 0.16351, 0.13513, 0.11168, 0.0923, 0.07628, 0.06304, 0.0521, 0.04306, 0.03558, 0.02941, 0.0243, 0.02009, 0.0166, 0.01372, 0.01134], 46: [0.56447, 0.46651, 0.38554, 0.31863, 0.26333, 0.21763, 0.17986, 0.14864, 0.12285, 0.10153, 0.08391, 0.06934, 0.05731, 0.04736, 0.03914, 0.03235, 0.02673, 0.02209, 0.01826, 0.01509, 0.01247], 45: [0.51316, 0.4241, 0.35049, 0.28966, 0.23939, 0.19784, 0.16351, 0.13513, 0.11168, 0.0923, 0.07628, 0.06304, 0.0521, 0.04306, 0.03558, 0.02941, 0.0243, 0.02009, 0.0166, 0.01372], 44: [0.46651, 0.38554, 0.31863, 0.26333, 0.21763, 0.17986, 0.14864, 0.12285, 0.10153, 0.08391, 0.06934, 0.05731, 0.04736, 0.03914, 0.03235, 0.02673, 0.02209, 0.01826, 0.01509], 43: [0.4241, 0.35049, 0.28966, 0.23939, 0.19784, 0.16351, 0.13513, 0.11168, 0.0923, 0.07628, 0.06304, 0.0521, 0.04306, 0.03558, 0.02941, 0.0243, 0.02009, 0.0166], 42: [0.38554, 0.31863, 0.26333, 0.21763, 0.17986, 0.14864, 0.12285, 0.10153, 0.08391, 0.06934, 0.05731, 0.04736, 0.03914, 0.03235, 0.02673, 0.02209, 0.01826], 41: [0.35049, 0.28966, 0.23939, 0.19784, 0.16351, 0.13513, 0.11168, 
0.0923, 0.07628, 0.06304, 0.0521, 0.04306, 0.03558, 0.02941, 0.0243, 0.02009], 40: [0.31863, 0.26333, 0.21763, 0.17986, 0.14864, 0.12285, 0.10153, 0.08391, 0.06934, 
0.05731, 0.04736, 0.03914, 0.03235, 0.02673, 0.02209], 39: [0.28966, 0.23939, 0.19784, 0.16351, 0.13513, 0.11168, 0.0923, 0.07628, 0.06304, 0.0521, 0.04306, 0.03558, 0.02941, 0.0243], 38: [0.26333, 0.21763, 0.17986, 0.14864, 0.12285, 0.10153, 0.08391, 0.06934, 0.05731, 0.04736, 0.03914, 0.03235, 0.02673], 37: [0.23939, 0.19784, 
0.16351, 0.13513, 0.11168, 0.0923, 0.07628, 0.06304, 0.0521, 0.04306, 0.03558, 0.02941], 36: [0.26333, 0.21763, 0.17986, 0.14864, 0.12285, 0.10153, 0.08391, 0.06934, 0.05731, 0.04736, 0.03914, 0.03235], 35: [0.23939, 0.19784, 0.16351, 0.13513, 0.11168, 0.0923, 0.07628, 0.06304, 0.0521, 0.04306, 0.03558], 34: [0.21763, 0.17986, 0.14864, 0.12285, 0.10153, 0.08391, 0.06934, 0.05731, 0.04736, 0.03914], 33: [0.23939, 0.19784, 0.16351, 0.13513, 0.11168, 0.0923, 0.07628, 0.06304, 0.0521, 0.04306], 32: [0.17986, 0.14864, 0.12285, 0.10153, 0.08391, 0.06934, 0.05731, 0.04736], 31: [0.19784, 0.16351, 0.13513, 0.11168, 0.0923, 0.07628, 0.06304, 0.0521], 30: [0.21763, 0.17986, 0.14864, 0.12285, 0.10153, 0.08391, 0.06934, 0.05731], 29: [0.16351, 0.13513, 0.11168, 0.0923, 0.07628, 0.06304], 28: [0.14864, 0.12285, 0.10153, 0.08391, 0.06934], 27: [0.13513, 0.11168, 0.0923, 0.07628], 26: [0.17986, 0.14864, 0.12285, 0.10153, 0.08391], 25: [0.16351, 0.13513, 0.11168, 0.0923], 24: [0.14864, 0.12285, 0.10153], 23: [0.16351, 0.13513, 0.11168], 22: [0.14864, 0.12285], 21: [0.13513], 20: [0.14864]}

3 downswing indifferent:
{52: [1.0], 50: [1.0], 49: [0.90909, 0.75131, 0.62092, 0.51316, 0.4241, 0.35049, 0.28966, 0.23939, 0.19784, 0.16351, 0.13513, 0.11168, 0.0923, 0.07628, 0.06304, 0.0521, 0.04306, 0.03558, 0.02941, 0.0243, 0.02009, 0.0166, 0.01372, 0.01134, 0.00937], 48: [0.82645, 0.68301, 0.56447, 0.46651, 0.38554, 0.31863, 0.26333, 0.21763, 0.17986, 0.14864, 0.12285, 0.10153, 0.08391, 0.06934, 0.05731, 0.04736, 0.03914, 0.03235, 0.02673, 0.02209, 0.01826, 0.01509, 0.01247, 0.01031], 47: [0.75131, 0.62092, 0.51316, 0.4241, 0.35049, 0.28966, 0.23939, 0.19784, 0.16351, 0.13513, 0.11168, 0.0923, 0.07628, 0.06304, 0.0521, 0.04306, 0.03558, 0.02941, 0.0243, 0.02009, 0.0166, 
0.01372, 0.01134], 46: [0.68301, 0.56447, 0.46651, 0.38554, 0.31863, 0.26333, 0.21763, 0.17986, 0.14864, 0.12285, 0.10153, 0.08391, 0.06934, 0.05731, 0.04736, 0.03914, 0.03235, 0.02673, 0.02209, 0.01826, 0.01509, 0.01247], 45: [0.62092, 0.51316, 0.4241, 0.35049, 0.28966, 0.23939, 0.19784, 0.16351, 0.13513, 0.11168, 0.0923, 0.07628, 0.06304, 0.0521, 0.04306, 0.03558, 0.02941, 0.0243, 0.02009, 0.0166, 0.01372], 44: [0.56447, 0.46651, 0.38554, 0.31863, 0.26333, 0.21763, 0.17986, 0.14864, 0.12285, 0.10153, 0.08391, 0.06934, 0.05731, 0.04736, 0.03914, 0.03235, 0.02673, 0.02209, 0.01826, 0.01509], 43: [0.51316, 0.4241, 0.35049, 0.28966, 0.23939, 0.19784, 0.16351, 0.13513, 0.11168, 0.0923, 0.07628, 0.06304, 0.0521, 0.04306, 0.03558, 0.02941, 0.0243, 0.02009, 0.0166], 42: [0.46651, 0.38554, 0.31863, 0.26333, 0.21763, 0.17986, 0.14864, 0.12285, 0.10153, 0.08391, 0.06934, 0.05731, 0.04736, 0.03914, 0.03235, 0.02673, 0.02209, 0.01826], 41: [0.4241, 0.35049, 0.28966, 0.23939, 0.19784, 0.16351, 0.13513, 0.11168, 0.0923, 0.07628, 0.06304, 0.0521, 0.04306, 0.03558, 0.02941, 0.0243, 0.02009], 40: [0.38554, 0.31863, 0.26333, 0.21763, 0.17986, 0.14864, 0.12285, 0.10153, 0.08391, 0.06934, 0.05731, 0.04736, 0.03914, 0.03235, 0.02673, 0.02209], 39: [0.35049, 0.28966, 0.23939, 0.19784, 0.16351, 0.13513, 0.11168, 0.0923, 
0.07628, 0.06304, 0.0521, 0.04306, 0.03558, 0.02941, 0.0243], 38: [0.31863, 0.26333, 0.21763, 0.17986, 0.14864, 0.12285, 0.10153, 0.08391, 0.06934, 0.05731, 0.04736, 0.03914, 0.03235, 0.02673], 37: [0.28966, 0.23939, 0.19784, 0.16351, 0.13513, 0.11168, 0.0923, 0.07628, 0.06304, 0.0521, 0.04306, 0.03558, 0.02941], 36: [0.31863, 0.26333, 0.21763, 0.17986, 0.14864, 0.12285, 0.10153, 0.08391, 0.06934, 0.05731, 0.04736, 0.03914, 0.03235], 35: [0.28966, 0.23939, 0.19784, 0.16351, 0.13513, 0.11168, 0.0923, 0.07628, 0.06304, 0.0521, 0.04306, 0.03558], 34: [0.26333, 0.21763, 0.17986, 0.14864, 0.12285, 0.10153, 0.08391, 0.06934, 0.05731, 0.04736, 0.03914], 33: [0.23939, 0.19784, 0.16351, 0.13513, 0.11168, 0.0923, 0.07628, 0.06304, 0.0521, 0.04306], 32: [0.21763, 0.17986, 0.14864, 0.12285, 0.10153, 0.08391, 0.06934, 0.05731, 0.04736], 31: [0.23939, 0.19784, 0.16351, 0.13513, 0.11168, 0.0923, 0.07628, 0.06304, 0.0521], 30: [0.17986, 0.14864, 0.12285, 0.10153, 0.08391, 0.06934, 0.05731], 
29: [0.19784, 0.16351, 0.13513, 0.11168, 0.0923, 0.07628, 0.06304], 28: [0.17986, 0.14864, 0.12285, 0.10153, 0.08391, 0.06934], 27: [0.19784, 0.16351, 0.13513, 0.11168, 0.0923, 0.07628], 26: [0.17986, 0.14864, 0.12285, 0.10153, 0.08391], 25: [0.19784, 0.16351, 0.13513, 0.11168, 0.0923], 24: [0.17986, 0.14864, 0.12285, 0.10153], 
23: [0.16351, 0.13513, 0.11168], 22: [0.12285], 21: [0.13513], 20: [0.14864], 19: [0.16351]}

4 downswing indifferent:
{52: [1.0], 50: [1.0], 48: [0.82645, 0.68301, 0.56447, 0.46651, 0.38554, 0.31863, 0.26333, 0.21763, 0.17986, 0.14864, 0.12285, 0.10153, 0.08391, 0.06934, 0.05731, 0.04736, 0.03914, 0.03235, 0.02673, 0.02209, 0.01826, 0.01509, 0.01247, 0.01031], 47: [0.75131, 0.62092, 0.51316, 0.4241, 0.35049, 0.28966, 0.23939, 0.19784, 0.16351, 
0.13513, 0.11168, 0.0923, 0.07628, 0.06304, 0.0521, 0.04306, 0.03558, 0.02941, 0.0243, 0.02009, 0.0166, 0.01372, 0.01134], 46: [0.68301, 0.56447, 0.46651, 0.38554, 0.31863, 0.26333, 0.21763, 0.17986, 0.14864, 0.12285, 0.10153, 0.08391, 0.06934, 0.05731, 0.04736, 0.03914, 0.03235, 0.02673, 0.02209, 0.01826, 0.01509, 0.01247], 45: [0.62092, 0.51316, 0.4241, 0.35049, 0.28966, 0.23939, 0.19784, 0.16351, 0.13513, 0.11168, 0.0923, 0.07628, 0.06304, 0.0521, 0.04306, 0.03558, 0.02941, 0.0243, 0.02009, 0.0166, 0.01372], 44: [0.56447, 0.46651, 0.38554, 0.31863, 0.26333, 0.21763, 0.17986, 0.14864, 0.12285, 0.10153, 0.08391, 0.06934, 0.05731, 0.04736, 0.03914, 0.03235, 0.02673, 0.02209, 0.01826, 0.01509], 43: [0.51316, 0.4241, 0.35049, 0.28966, 0.23939, 0.19784, 0.16351, 0.13513, 0.11168, 0.0923, 0.07628, 0.06304, 0.0521, 0.04306, 0.03558, 0.02941, 0.0243, 0.02009, 0.0166], 42: [0.46651, 0.38554, 0.31863, 0.26333, 0.21763, 0.17986, 0.14864, 0.12285, 0.10153, 0.08391, 0.06934, 0.05731, 0.04736, 0.03914, 0.03235, 0.02673, 0.02209, 0.01826], 41: [0.4241, 0.35049, 0.28966, 0.23939, 0.19784, 0.16351, 0.13513, 0.11168, 0.0923, 0.07628, 0.06304, 0.0521, 0.04306, 0.03558, 0.02941, 0.0243, 0.02009], 40: [0.38554, 0.31863, 0.26333, 0.21763, 0.17986, 0.14864, 0.12285, 0.10153, 0.08391, 0.06934, 0.05731, 0.04736, 0.03914, 
0.03235, 0.02673, 0.02209], 39: [0.35049, 0.28966, 0.23939, 0.19784, 0.16351, 0.13513, 0.11168, 0.0923, 0.07628, 0.06304, 0.0521, 0.04306, 0.03558, 0.02941, 0.0243], 38: [0.31863, 0.26333, 0.21763, 0.17986, 0.14864, 0.12285, 0.10153, 0.08391, 0.06934, 0.05731, 0.04736, 0.03914, 0.03235, 0.02673], 37: [0.28966, 0.23939, 0.19784, 
0.16351, 0.13513, 0.11168, 0.0923, 0.07628, 0.06304, 0.0521, 0.04306, 0.03558, 0.02941], 36: [0.26333, 0.21763, 0.17986, 0.14864, 0.12285, 0.10153, 0.08391, 0.06934, 0.05731, 0.04736, 0.03914, 0.03235], 35: [0.23939, 0.19784, 0.16351, 0.13513, 0.11168, 0.0923, 0.07628, 0.06304, 0.0521, 0.04306, 0.03558], 34: [0.26333, 0.21763, 0.17986, 0.14864, 0.12285, 0.10153, 0.08391, 0.06934, 0.05731, 0.04736, 0.03914], 33: [0.23939, 0.19784, 0.16351, 0.13513, 0.11168, 0.0923, 0.07628, 0.06304, 0.0521, 
0.04306], 32: [0.21763, 0.17986, 0.14864, 0.12285, 0.10153, 0.08391, 0.06934, 0.05731, 0.04736], 31: [0.23939, 0.19784, 0.16351, 0.13513, 0.11168, 0.0923, 0.07628, 0.06304, 0.0521], 30: [0.21763, 0.17986, 0.14864, 0.12285, 0.10153, 0.08391, 0.06934, 0.05731], 29: [0.19784, 0.16351, 0.13513, 0.11168, 0.0923, 0.07628, 0.06304], 28: [0.21763, 0.17986, 0.14864, 0.12285, 0.10153, 0.08391, 0.06934], 27: [0.19784, 0.16351, 0.13513, 0.11168, 0.0923, 0.07628], 26: [0.14864, 0.12285, 0.10153, 0.08391], 25: [0.16351, 0.13513, 0.11168, 0.0923], 24: [0.17986, 0.14864, 0.12285, 0.10153], 23: [0.16351, 0.13513, 0.11168], 22: [0.14864, 0.12285], 21: [0.16351, 0.13513], 20: [0.14864]}